1,2.656,0.031,0.03
2,2.655,0,0
3,2.655,0.031,0.03
4,2.716,0,0
5,2.655,0.03,0
6,2.625,0.03,0
7,2.655,0.031,0.031
8,2.777,0.031,0
9,2.655,0.031,0.031
10,2.655,0.03,0.061
11,2.746,0.061,0.03
12,2.655,0.061,0.031
13,2.716,0.091,0.061
14,2.777,0.092,0.061
15,2.685,0.122,0.061
16,2.807,0.122,0.061
17,2.746,0.152,0.091
18,2.716,0.153,0.122
19,2.717,0.153,0.183
20,2.746,0.153,0.122
21,2.716,0.244,0.184
22,2.777,0.213,0.183
23,2.746,0.275,0.183
24,2.747,0.366,0.183
25,2.808,0.366,0.244
26,2.838,0.336,0.274
27,2.807,0.428,0.336
28,2.868,0.427,0.244
29,2.838,0.519,0.336
30,2.838,0.518,0.305
31,2.869,0.611,0.305
32,2.838,0.611,0.335
33,2.899,0.702,0.488
34,2.9,0.702,0.457
35,3.052,0.824,0.488
36,2.93,0.854,0.488
37,2.96,0.977,0.611
38,2.96,0.976,0.61
39,3.021,1.13,0.61
40,3.021,1.13,0.733
41,3.265,1.282,0.763
42,3.144,1.281,0.763
43,3.052,1.465,0.885
44,3.082,1.465,0.762
45,3.204,1.709,1.037
46,3.143,1.77,1.007
47,3.205,1.892,1.069
48,3.234,2.044,1.007
49,3.357,2.167,1.221
50,3.327,2.166,1.251
51,3.326,2.442,1.251
52,3.387,2.441,1.251
53,3.571,2.746,1.587
54,3.54,2.747,1.495
55,3.54,3.082,1.618
56,3.54,3.082,1.648
57,3.602,3.479,1.831
58,3.631,3.479,1.801
59,3.724,3.784,10.621
60,3.754,3.875,1.922
61,3.907,4.272,2.075
62,3.815,4.18,2.167
63,3.998,4.639,2.136
64,3.937,4.791,2.106
65,4.028,5.432,2.624
66,4.09,5.432,2.624
67,4.211,6.164,2.685
68,4.334,6.195,2.625
69,4.303,7.202,3.052
70,4.273,7.171,3.052
71,4.425,8.118,3.083
72,4.638,8.087,2.991
73,4.73,9.125,3.692
74,4.577,9.125,3.541
75,4.822,10.254,3.479
76,4.731,10.315,3.479
77,4.943,11.444,4.089
78,5.036,11.474,4.09
79,5.066,12.787,4.029
80,5.127,12.756,4.151
81,5.311,14.069,4.761
82,5.31,14.16,4.761
83,5.493,15.778,4.669
84,5.462,15.747,4.609
85,5.646,17.334,5.372
86,5.707,17.395,5.218
87,5.768,19.104,5.279
88,5.921,19.226,5.371
89,6.042,21.088,6.134
90,6.042,21.118,6.164
91,6.317,23.194,6.317
92,6.347,23.193,6.104
93,6.5,25.33,6.927
94,6.531,25.299,6.866
95,6.744,27.588,6.867
96,6.836,27.648,6.805
97,7.019,29.907,7.69
98,7.049,29.938,7.782
99,7.324,32.349,7.721
100,7.294,32.44,7.66
101,7.537,34.973,11.841
102,7.568,34.973,8.606
103,7.812,37.781,8.576
104,7.904,46.966,8.972
105,8.118,40.527,9.766
106,8.118,40.589,9.43
107,8.422,43.548,9.583
108,8.514,43.549,9.491
109,8.789,46.478,10.559
110,8.851,46.509,10.498
111,9.125,49.591,10.529
112,9.033,49.622,10.528
113,9.46,52.734,11.718
114,9.491,53.497,11.628
115,9.949,57.495,11.719
116,9.797,56.122,11.627
117,10.162,59.51,12.787
118,10.163,59.54,13.184
119,10.529,63.355,12.787
120,18.31,63.416,12.909
121,10.925,66.65,14.13
122,10.955,66.711,14.038
123,11.353,70.313,14.038
124,11.322,70.739,14.069
125,11.841,74.463,14.984
126,11.78,74.31,14.923
127,12.177,78.217,14.954
128,12.238,78.339,14.954
